1, 0,   0.000000
3, 0,    0.0000
4, 0,    0.0000
2, 0,  199.7178
1, 10,   0.554772
3, 10,    1.0000
4, 10,    0.0207
2, 10,   11.7333
1, 20,   0.587364
3, 20,    1.0000
4, 20,    0.0605
2, 20,   11.6183
1, 30,   0.619637
3, 30,    1.0000
4, 30,    0.0988
2, 30,   11.5050
1, 40,   0.651596
3, 40,    1.0000
4, 40,    0.1355
2, 40,   11.3934
1, 50,   0.683244
3, 50,    1.0000
4, 50,    0.1706
2, 50,   11.2836
1, 60,   0.714587
3, 60,    1.0000
4, 60,    0.2044
2, 60,   11.1754
1, 70,   0.745630
3, 70,    1.0000
4, 70,    0.2368
2, 70,   11.0688
1, 80,   0.776377
3, 80,    1.0000
4, 80,    0.2678
2, 80,   10.9639
1, 90,   0.806832
3, 90,    1.0000
4, 90,    0.2976
2, 90,   10.8605
1, 100,   0.837000
3, 100,    1.0000
4, 100,    0.3262
2, 100,   10.7587
1, 110,   0.866885
3, 110,    1.0000
4, 110,    0.3536
2, 110,   10.6584
1, 120,   0.896492
3, 120,    1.0000
4, 120,    0.3799
2, 120,   10.5597
1, 130,   0.925824
3, 130,    1.0000
4, 130,    0.4052
2, 130,   10.4624
1, 141,   0.957793
3, 141,    1.0000
4, 141,    0.4317
2, 141,   10.3519
1, 151,   0.986548
3, 151,    1.0000
4, 151,    0.4548
2, 151,   10.2628
1, 161,   1.015056
3, 161,    1.0000
4, 161,    0.4770
2, 161,   10.1699
1, 171,   1.043306
3, 171,    1.0000
4, 171,    0.4983
2, 171,   10.0784
1, 181,   1.071301
3, 181,    1.0000
4, 181,    0.5187
2, 181,    9.9883
1, 191,   1.099047
3, 191,    1.0000
4, 191,    0.5383
2, 191,    9.8996
1, 201,   1.126545
3, 201,    1.0000
4, 201,    0.5571
2, 201,    9.8121
1, 211,   1.153801
3, 211,    1.0000
4, 211,    0.5751
2, 211,    9.7259
1, 221,   1.180818
3, 221,    1.0000
4, 221,    0.5924
2, 221,    9.6410
1, 231,   1.207598
3, 231,    1.0000
4, 231,    0.6090
2, 231,    9.5574
1, 241,   1.234147
3, 241,    1.0000
4, 241,    0.6249
2, 241,    9.4750
1, 251,   1.260466
3, 251,    1.0000
4, 251,    0.6402
2, 251,    9.3938
1, 261,   1.286560
3, 261,    1.0000
4, 261,    0.6548
2, 261,    9.3138
1, 271,   1.312432
3, 271,    1.0000
4, 271,    0.6689
2, 271,    9.2350
1, 281,   1.338084
3, 281,    1.0000
4, 281,    0.6823
2, 281,    9.1573
1, 291,   1.363521
3, 291,    1.0000
4, 291,    0.6953
2, 291,    9.0807
1, 300,   1.386223
3, 300,    1.0000
4, 300,    0.7064
2, 300,  208.7339
1, 310,   1.966039
3, 310,    2.0000
4, 310,    0.7391
2, 310,   20.6716
1, 320,   2.023461
3, 320,    2.0000
4, 320,    0.7904
2, 320,   20.4832
1, 330,   2.080358
3, 330,    2.0000
4, 330,    0.8396
2, 330,   20.2976
1, 340,   2.136741
3, 340,    2.0000
4, 340,    0.8868
2, 340,   20.1148
1, 350,   2.192615
3, 350,    2.0000
4, 350,    0.9321
2, 350,   19.9347
1, 360,   2.247989
3, 360,    2.0000
4, 360,    0.9756
2, 360,   19.7573
1, 370,   2.302871
3, 370,    2.0000
4, 370,    1.0173
2, 370,   19.5825
1, 380,   2.357267
3, 380,    2.0000
4, 380,    1.0573
2, 380,   19.4103
1, 390,   2.411184
3, 390,    2.0000
4, 390,    1.0956
2, 390,   19.2406
1, 400,   2.464630
3, 400,    2.0000
4, 400,    1.1324
2, 400,   19.0735
1, 410,   2.517612
3, 410,    2.0000
4, 410,    1.1677
2, 410,   18.9088
1, 420,   2.570136
3, 420,    2.0000
4, 420,    1.2016
2, 420,   18.7465
1, 430,   2.622210
3, 430,    2.0000
4, 430,    1.2341
2, 430,   18.5866
1, 440,   2.673839
3, 440,    2.0000
4, 440,    1.2653
2, 440,   18.4290
1, 450,   2.725031
3, 450,    2.0000
4, 450,    1.2952
2, 450,   18.2738
1, 460,   2.775792
3, 460,    2.0000
4, 460,    1.3238
2, 460,   18.1208
1, 470,   2.826127
3, 470,    2.0000
4, 470,    1.3513
2, 470,   17.9700
1, 480,   2.876044
3, 480,    2.0000
4, 480,    1.3777
2, 480,   17.8215
1, 490,   2.925548
3, 490,    2.0000
4, 490,    1.4031
2, 490,   17.6751
1, 500,   2.974645
3, 500,    2.0000
4, 500,    1.4274
2, 500,   17.5308
1, 510,   3.023342
3, 510,    2.0000
4, 510,    1.4507
2, 510,   17.3886
1, 520,   3.071643
3, 520,    2.0000
4, 520,    1.4730
2, 520,   17.2484
1, 530,   3.119556
3, 530,    2.0000
4, 530,    1.4945
2, 530,   17.1103
1, 540,   3.167084
3, 540,    2.0000
4, 540,    1.5150
2, 540,   16.9741
1, 550,   3.214234
3, 550,    2.0000
4, 550,    1.5348
2, 550,   16.8399
1, 560,   3.261012
3, 560,    2.0000
4, 560,    1.5537
2, 560,   16.7076
1, 570,   3.307422
3, 570,    2.0000
4, 570,    1.5719
2, 570,   16.5772
1, 580,   3.353470
3, 580,    2.0000
4, 580,    1.5893
2, 580,   16.4487
1, 590,   3.399161
3, 590,    2.0000
4, 590,    1.6060
2, 590,   16.3220
1, 600,   3.444499
3, 600,    2.0000
4, 600,    1.6220
2, 600,  215.9149
1, 610,   4.044263
3, 610,    3.0000
4, 610,    1.6581
2, 610,   27.8072
1, 620,   4.121505
3, 620,    3.0000
4, 620,    1.7127
2, 620,   27.5708
1, 630,   4.198090
3, 630,    3.0000
4, 630,    1.7651
2, 630,   27.3378
1, 640,   4.274029
3, 640,    3.0000
4, 640,    1.8153
2, 640,   27.1082
1, 650,   4.349329
3, 650,    3.0000
4, 650,    1.8635
2, 650,   26.8820
1, 660,   4.424001
3, 660,    3.0000
4, 660,    1.9098
2, 660,   26.6590
1, 670,   4.498054
3, 670,    3.0000
4, 670,    1.9542
2, 670,   26.4393
1, 680,   4.571497
3, 680,    3.0000
4, 680,    1.9967
2, 680,   26.2228
1, 690,   4.644338
3, 690,    3.0000
4, 690,    2.0375
2, 690,   26.0094
1, 700,   4.716586
3, 700,    3.0000
4, 700,    2.0767
2, 700,   25.7991
1, 710,   4.788251
3, 710,    3.0000
4, 710,    2.1143
2, 710,   25.5919
1, 720,   4.859339
3, 720,    3.0000
4, 720,    2.1503
2, 720,   25.3876
1, 730,   4.929860
3, 730,    3.0000
4, 730,    2.1849
2, 730,   25.1862
1, 740,   4.999822
3, 740,    3.0000
4, 740,    2.2181
2, 740,   24.9878
1, 750,   5.069233
3, 750,    3.0000
4, 750,    2.2499
2, 750,   24.7921
1, 760,   5.138100
3, 760,    3.0000
4, 760,    2.2804
2, 760,   24.5993
1, 770,   5.206431
3, 770,    3.0000
4, 770,    2.3097
2, 770,   24.4092
1, 780,   5.274234
3, 780,    3.0000
4, 780,    2.3378
2, 780,   24.2218
1, 790,   5.341517
3, 790,    3.0000
4, 790,    2.3647
2, 790,   24.0371
1, 800,   5.408287
3, 800,    3.0000
4, 800,    2.3906
2, 800,   23.8549
1, 810,   5.474551
3, 810,    3.0000
4, 810,    2.4154
2, 810,   23.6754
1, 820,   5.540315
3, 820,    3.0000
4, 820,    2.4392
2, 820,   23.4983
1, 830,   5.605589
3, 830,    3.0000
4, 830,    2.4620
2, 830,   23.3238
1, 840,   5.670377
3, 840,    3.0000
4, 840,    2.4839
2, 840,   23.1517
1, 850,   5.734687
3, 850,    3.0000
4, 850,    2.5049
2, 850,   22.9820
1, 860,   5.798526
3, 860,    3.0000
4, 860,    2.5250
2, 860,   22.8147
1, 870,   5.861900
3, 870,    3.0000
4, 870,    2.5443
2, 870,   22.6497
1, 880,   5.924816
3, 880,    3.0000
4, 880,    2.5629
2, 880,   22.4870
1, 890,   5.987280
3, 890,    3.0000
4, 890,    2.5807
2, 890,   22.3265
1, 900,   6.049298
3, 900,    3.0000
4, 900,    2.5977
2, 900,    0.0000
1, 910,   6.049298
3, 910,    2.8890
4, 910,    2.6118
2, 910,    0.0000
1, 920,   6.049298
3, 920,    2.7853
4, 920,    2.6209
2, 920,    0.0000
1, 930,   6.049298
3, 930,    2.6884
4, 930,    2.6256
2, 930,    0.0000
1, 940,   6.049298
3, 940,    2.5978
4, 940,    2.6263
2, 940,    0.0000
1, 950,   6.049298
3, 950,    2.5132
4, 950,    2.6234
2, 950,    0.0000
1, 960,   6.049298
3, 960,    2.4340
4, 960,    2.6173
2, 960,    0.0000
1, 970,   6.049298
3, 970,    2.3599
4, 970,    2.6083
2, 970,    0.0000
1, 980,   6.049298
3, 980,    2.2906
4, 980,    2.5967
2, 980,    0.0000
1, 990,   6.049298
3, 990,    2.2257
4, 990,    2.5829
2, 990,    0.0000
1, 1000,   6.049298
3, 1000,    2.1650
4, 1000,    2.5671
2, 1000,    0.0000
1, 1010,   6.049298
3, 1010,    2.1080
4, 1010,    2.5496
2, 1010,    0.0000
1, 1020,   6.049298
3, 1020,    2.0547
4, 1020,    2.5305
2, 1020,    0.0000
1, 1030,   6.049298
3, 1030,    2.0047
4, 1030,    2.5101
2, 1030,    8.4274
1, 1040,   6.072707
3, 1040,    2.0000
4, 1040,    2.4894
2, 1040,    9.2832
1, 1050,   6.098494
3, 1050,    2.0000
4, 1050,    2.4695
2, 1050,    9.2564
1, 1060,   6.124206
3, 1060,    2.0000
4, 1060,    2.4504
2, 1060,    9.2297
1, 1070,   6.149844
3, 1070,    2.0000
4, 1070,    2.4321
2, 1070,    9.2032
1, 1080,   6.175409
3, 1080,    2.0000
4, 1080,    2.4145
2, 1080,    9.1769
1, 1090,   6.200900
3, 1090,    2.0000
4, 1090,    2.3976
2, 1090,    9.1508
1, 1100,   6.226319
3, 1100,    2.0000
4, 1100,    2.3814
2, 1100,    9.1248
1, 1110,   6.251665
3, 1110,    2.0000
4, 1110,    2.3659
2, 1110,    9.0989
1, 1120,   6.276940
3, 1120,    2.0000
4, 1120,    2.3510
2, 1120,    9.0732
1, 1130,   6.302144
3, 1130,    2.0000
4, 1130,    2.3367
2, 1130,    9.0477
1, 1140,   6.327276
3, 1140,    2.0000
4, 1140,    2.3230
2, 1140,    9.0224
1, 1150,   6.352338
3, 1150,    2.0000
4, 1150,    2.3099
2, 1150,    8.9971
1, 1160,   6.377330
3, 1160,    2.0000
4, 1160,    2.2973
2, 1160,    8.9721
1, 1170,   6.402253
3, 1170,    2.0000
4, 1170,    2.2852
2, 1170,    8.9472
1, 1180,   6.427106
3, 1180,    2.0000
4, 1180,    2.2736
2, 1180,    8.9224
1, 1190,   6.451891
3, 1190,    2.0000
4, 1190,    2.2624
2, 1190,    8.8978
1, 1200,   6.476607
3, 1200,    2.0000
4, 1200,    2.2518
2, 1200,    8.8733
1, 1210,   6.501255
3, 1210,    2.0000
4, 1210,    2.2415
2, 1210,    8.8490
1, 1220,   6.525835
3, 1220,    2.0000
4, 1220,    2.2317
2, 1220,    8.8248
1, 1230,   6.550349
3, 1230,    2.0000
4, 1230,    2.2223
2, 1230,    8.8008
1, 1240,   6.574795
3, 1240,    2.0000
4, 1240,    2.2132
2, 1240,    8.7769
1, 1250,   6.599176
3, 1250,    2.0000
4, 1250,    2.2045
2, 1250,    8.7531
1, 1260,   6.623490
3, 1260,    2.0000
4, 1260,    2.1962
2, 1260,    8.7295
1, 1270,   6.647738
3, 1270,    2.0000
4, 1270,    2.1882
2, 1270,    8.7060
1, 1280,   6.671922
3, 1280,    2.0000
4, 1280,    2.1806
2, 1280,    8.6826
1, 1290,   6.696040
3, 1290,    2.0000
4, 1290,    2.1732
2, 1290,    8.6594
1, 1300,   6.720094
3, 1300,    2.0000
4, 1300,    2.1662
2, 1300,    8.6363
1, 1310,   6.744084
3, 1310,    2.0000
4, 1310,    2.1594
2, 1310,    8.6133
1, 1321,   6.770402
3, 1321,    2.0000
4, 1321,    2.1523
2, 1321,    8.5870
1, 1331,   6.794255
3, 1331,    2.0000
4, 1331,    2.1461
2, 1331,    8.5655
1, 1341,   6.818048
3, 1341,    2.0000
4, 1341,    2.1401
2, 1341,    8.5430
1, 1351,   6.841779
3, 1351,    2.0000
4, 1351,    2.1344
2, 1351,    8.5205
1, 1361,   6.865447
3, 1361,    2.0000
4, 1361,    2.1290
2, 1361,    8.4982
1, 1371,   6.889053
3, 1371,    2.0000
4, 1371,    2.1237
2, 1371,    8.4760
1, 1381,   6.912597
3, 1381,    2.0000
4, 1381,    2.1187
2, 1381,    8.4539
1, 1391,   6.936080
3, 1391,    2.0000
4, 1391,    2.1139
2, 1391,    8.4319
1, 1401,   6.959502
3, 1401,    2.0000
4, 1401,    2.1092
2, 1401,    8.4101
1, 1411,   6.982864
3, 1411,    2.0000
4, 1411,    2.1048
2, 1411,    8.3883
1, 1421,   7.006165
3, 1421,    2.0000
4, 1421,    2.1005
2, 1421,    8.3667
1, 1431,   7.029406
3, 1431,    2.0000
4, 1431,    2.0964
2, 1431,    8.3452
1, 1441,   7.052587
3, 1441,    2.0000
4, 1441,    2.0925
2, 1441,    8.3238
1, 1451,   7.075709
3, 1451,    2.0000
4, 1451,    2.0887
2, 1451,    8.3026
1, 1461,   7.098771
3, 1461,    2.0000
4, 1461,    2.0851
2, 1461,    8.2814
1, 1471,   7.121775
3, 1471,    2.0000
4, 1471,    2.0817
2, 1471,    8.2604
1, 1481,   7.144721
3, 1481,    2.0000
4, 1481,    2.0783
2, 1481,    8.2394
1, 1491,   7.167608
3, 1491,    2.0000
4, 1491,    2.0751
2, 1491,    8.2186
1, 1501,   7.190437
3, 1501,    2.0000
4, 1501,    2.0721
2, 1501,    8.1979
1, 1511,   7.213209
3, 1511,    2.0000
4, 1511,    2.0691
2, 1511,    8.1772
1, 1521,   7.235924
3, 1521,    2.0000
4, 1521,    2.0663
2, 1521,    8.1567
1, 1531,   7.258581
3, 1531,    2.0000
4, 1531,    2.0636
2, 1531,    8.1363
1, 1541,   7.281182
3, 1541,    2.0000
4, 1541,    2.0610
2, 1541,    8.1160
1, 1551,   7.303726
3, 1551,    2.0000
4, 1551,    2.0586
2, 1551,    8.0958
1, 1561,   7.326215
3, 1561,    2.0000
4, 1561,    2.0562
2, 1561,    8.0757
1, 1571,   7.348647
3, 1571,    2.0000
4, 1571,    2.0539
2, 1571,    8.0557
1, 1581,   7.371024
3, 1581,    2.0000
4, 1581,    2.0517
2, 1581,    8.0358
1, 1591,   7.393346
3, 1591,    2.0000
4, 1591,    2.0496
2, 1591,    8.0160
1, 1601,   7.415612
3, 1601,    2.0000
4, 1601,    2.0476
2, 1601,    7.9963
1, 1611,   7.437824
3, 1611,    2.0000
4, 1611,    2.0456
2, 1611,    7.9767
1, 1621,   7.459982
3, 1621,    2.0000
4, 1621,    2.0438
2, 1621,    7.9571
1, 1631,   7.482085
3, 1631,    2.0000
4, 1631,    2.0420
2, 1631,    7.9377
1, 1641,   7.504134
3, 1641,    2.0000
4, 1641,    2.0403
2, 1641,    7.9184
1, 1651,   7.526130
3, 1651,    2.0000
4, 1651,    2.0386
2, 1651,    7.8992
1, 1661,   7.548072
3, 1661,    2.0000
4, 1661,    2.0371
2, 1661,    7.8800
1, 1671,   7.569961
3, 1671,    2.0000
4, 1671,    2.0356
2, 1671,    7.8610
1, 1681,   7.591797
3, 1681,    2.0000
4, 1681,    2.0341
2, 1681,    7.8420
1, 1691,   7.613580
3, 1691,    2.0000
4, 1691,    2.0327
2, 1691,    7.8232
1, 1701,   7.635311
3, 1701,    2.0000
4, 1701,    2.0314
2, 1701,    7.8044
1, 1711,   7.656990
3, 1711,    2.0000
4, 1711,    2.0301
2, 1711,    7.7857
1, 1721,   7.678617
3, 1721,    2.0000
4, 1721,    2.0289
2, 1721,    7.7671
1, 1731,   7.700192
3, 1731,    2.0000
4, 1731,    2.0277
2, 1731,    7.7486
1, 1741,   7.721716
3, 1741,    2.0000
4, 1741,    2.0266
2, 1741,    7.7302
1, 1751,   7.743189
3, 1751,    2.0000
4, 1751,    2.0255
2, 1751,    7.7118
1, 1761,   7.764610
3, 1761,    2.0000
4, 1761,    2.0245
2, 1761,    7.6936
1, 1771,   7.785981
3, 1771,    2.0000
4, 1771,    2.0235
2, 1771,    7.6754
1, 1781,   7.807302
3, 1781,    2.0000
4, 1781,    2.0225
2, 1781,    7.6573
1, 1791,   7.828572
3, 1791,    2.0000
4, 1791,    2.0216
2, 1791,    7.6393
1, 1800,   7.847671
3, 1800,    2.0000
4, 1800,    2.0208
2, 1800,    0.0000
1, 1810,   7.847671
3, 1810,    1.9618
4, 1810,    2.0192
2, 1810,    0.0000
1, 1820,   7.847671
3, 1820,    1.9260
4, 1820,    2.0161
2, 1820,    0.0000
1, 1830,   7.847671
3, 1830,    1.8923
4, 1830,    2.0117
2, 1830,    0.0000
1, 1840,   7.847671
3, 1840,    1.8607
4, 1840,    2.0062
2, 1840,    0.0000
1, 1850,   7.847671
3, 1850,    1.8309
4, 1850,    1.9997
2, 1850,    0.0000
1, 1860,   7.847671
3, 1860,    1.8029
4, 1860,    1.9922
2, 1860,    0.0000
1, 1870,   7.847671
3, 1870,    1.7766
4, 1870,    1.9840
2, 1870,    0.0000
1, 1880,   7.847671
3, 1880,    1.7517
4, 1880,    1.9750
2, 1880,    0.0000
1, 1890,   7.847671
3, 1890,    1.7283
4, 1890,    1.9655
2, 1890,    0.0000
1, 1900,   7.847671
3, 1900,    1.7062
4, 1900,    1.9553
2, 1900,    0.0000
1, 1910,   7.847671
3, 1910,    1.6854
4, 1910,    1.9448
2, 1910,    0.0000
1, 1920,   7.847671
3, 1920,    1.6657
4, 1920,    1.9338
2, 1920,    0.0000
1, 1930,   7.847671
3, 1930,    1.6471
4, 1930,    1.9225
2, 1930,    0.0000
1, 1940,   7.847671
3, 1940,    1.6295
4, 1940,    1.9109
2, 1940,    0.0000
1, 1950,   7.847671
3, 1950,    1.6128
4, 1950,    1.8991
2, 1950,    0.0000
1, 1960,   7.847671
3, 1960,    1.5970
4, 1960,    1.8872
2, 1960,    0.0000
1, 1970,   7.847671
3, 1970,    1.5820
4, 1970,    1.8750
2, 1970,    0.0000
1, 1980,   7.847671
3, 1980,    1.5678
4, 1980,    1.8628
2, 1980,    0.0000
1, 1990,   7.847671
3, 1990,    1.5542
4, 1990,    1.8505
2, 1990,    0.0000
1, 2000,   7.847671
3, 2000,    1.5414
4, 2000,    1.8382
2, 2000,    0.0000
1, 2010,   7.847671
3, 2010,    1.5291
4, 2010,    1.8259
2, 2010,    0.0000
1, 2020,   7.847671
3, 2020,    1.5175
4, 2020,    1.8136
2, 2020,    0.0000
1, 2030,   7.847671
3, 2030,    1.5064
4, 2030,    1.8013
2, 2030,    0.0000
1, 2040,   7.847671
3, 2040,    1.4957
4, 2040,    1.7891
2, 2040,    0.0000
1, 2050,   7.847671
3, 2050,    1.4856
4, 2050,    1.7769
2, 2050,    0.0000
1, 2060,   7.847671
3, 2060,    1.4759
4, 2060,    1.7649
2, 2060,    0.0000
1, 2070,   7.847671
3, 2070,    1.4666
4, 2070,    1.7529
2, 2070,    0.0000
1, 2080,   7.847671
3, 2080,    1.4577
4, 2080,    1.7411
2, 2080,    0.0000
1, 2090,   7.847671
3, 2090,    1.4491
4, 2090,    1.7294
2, 2090,    0.0000
1, 2100,   7.847671
3, 2100,    1.4409
4, 2100,    1.7178
2, 2100,    0.0000
1, 2110,   7.847671
3, 2110,    1.4330
4, 2110,    1.7064
2, 2110,    0.0000
1, 2120,   7.847671
3, 2120,    1.4254
4, 2120,    1.6951
2, 2120,    0.0000
1, 2130,   7.847671
3, 2130,    1.4181
4, 2130,    1.6840
2, 2130,    0.0000
1, 2140,   7.847671
3, 2140,    1.4111
4, 2140,    1.6730
2, 2140,    0.0000
1, 2150,   7.847671
3, 2150,    1.4042
4, 2150,    1.6622
2, 2150,    0.0000
1, 2160,   7.847671
3, 2160,    1.3977
4, 2160,    1.6516
2, 2160,    0.0000
1, 2170,   7.847671
3, 2170,    1.3913
4, 2170,    1.6411
2, 2170,    0.0000
1, 2180,   7.847671
3, 2180,    1.3851
4, 2180,    1.6308
2, 2180,    0.0000
1, 2190,   7.847671
3, 2190,    1.3791
4, 2190,    1.6207
2, 2190,    0.0000
1, 2200,   7.847671
3, 2200,    1.3733
4, 2200,    1.6107
2, 2200,    0.0000
1, 2210,   7.847671
3, 2210,    1.3677
4, 2210,    1.6010
2, 2210,    0.0000
1, 2220,   7.847671
3, 2220,    1.3622
4, 2220,    1.5913
2, 2220,    0.0000
1, 2230,   7.847671
3, 2230,    1.3569
4, 2230,    1.5819
2, 2230,    0.0000
1, 2240,   7.847671
3, 2240,    1.3517
4, 2240,    1.5727
2, 2240,    0.0000
1, 2250,   7.847671
3, 2250,    1.3467
4, 2250,    1.5636
2, 2250,    0.0000
1, 2260,   7.847671
3, 2260,    1.3417
4, 2260,    1.5546
2, 2260,    0.0000
1, 2270,   7.847671
3, 2270,    1.3369
4, 2270,    1.5459
2, 2270,    0.0000
1, 2280,   7.847671
3, 2280,    1.3322
4, 2280,    1.5373
2, 2280,    0.0000
1, 2290,   7.847671
3, 2290,    1.3276
4, 2290,    1.5288
2, 2290,    0.0000
1, 2300,   7.847671
3, 2300,    1.3231
4, 2300,    1.5205
2, 2300,    0.0000
1, 2310,   7.847671
3, 2310,    1.3187
4, 2310,    1.5124
2, 2310,    0.0000
1, 2320,   7.847671
3, 2320,    1.3144
4, 2320,    1.5045
2, 2320,    0.0000
1, 2330,   7.847671
3, 2330,    1.3102
4, 2330,    1.4966
2, 2330,    0.0000
1, 2340,   7.847671
3, 2340,    1.3061
4, 2340,    1.4890
2, 2340,    0.0000
1, 2350,   7.847671
3, 2350,    1.3020
4, 2350,    1.4814
2, 2350,    0.0000
1, 2360,   7.847671
3, 2360,    1.2980
4, 2360,    1.4740
2, 2360,    0.0000
1, 2370,   7.847671
3, 2370,    1.2941
4, 2370,    1.4668
2, 2370,    0.0000
1, 2380,   7.847671
3, 2380,    1.2902
4, 2380,    1.4597
2, 2380,    0.0000
1, 2390,   7.847671
3, 2390,    1.2864
4, 2390,    1.4527
2, 2390,    0.0000
1, 2400,   7.847671
3, 2400,    1.2827
4, 2400,    1.4459
2, 2400,    0.0000
1, 2410,   7.847671
3, 2410,    1.2790
4, 2410,    1.4392
2, 2410,    0.0000
1, 2420,   7.847671
3, 2420,    1.2754
4, 2420,    1.4326
2, 2420,    0.0000
1, 2430,   7.847671
3, 2430,    1.2718
4, 2430,    1.4261
2, 2430,    0.0000
1, 2440,   7.847671
3, 2440,    1.2683
4, 2440,    1.4197
2, 2441,    0.0000
1, 2450,   7.847671
3, 2450,    1.2648
4, 2450,    1.4135
2, 2450,    0.0000
1, 2460,   7.847671
3, 2460,    1.2614
4, 2460,    1.4074
2, 2460,    0.0000
1, 2470,   7.847671
3, 2470,    1.2580
4, 2470,    1.4014
2, 2470,    0.0000
1, 2480,   7.847671
3, 2480,    1.2546
4, 2480,    1.3955
2, 2480,    0.0000
1, 2490,   7.847671
3, 2490,    1.2513
4, 2490,    1.3897
2, 2490,    0.0000
1, 2500,   7.847671
3, 2500,    1.2481
4, 2500,    1.3840
2, 2500,    0.0000
1, 2510,   7.847671
3, 2510,    1.2448
4, 2510,    1.3784
2, 2510,    0.0000
1, 2520,   7.847671
3, 2520,    1.2417
4, 2520,    1.3729
2, 2520,    0.0000
1, 2530,   7.847671
3, 2530,    1.2385
4, 2530,    1.3675
2, 2530,    0.0000
1, 2540,   7.847671
3, 2540,    1.2354
4, 2540,    1.3622
2, 2540,    0.0000
1, 2550,   7.847671
3, 2550,    1.2323
4, 2550,    1.3569
2, 2550,    0.0000
1, 2560,   7.847671
3, 2560,    1.2293
4, 2560,    1.3518
2, 2560,    0.0000
1, 2570,   7.847671
3, 2570,    1.2263
4, 2570,    1.3468
2, 2570,    0.0000
1, 2580,   7.847671
3, 2580,    1.2233
4, 2580,    1.3418
2, 2580,    0.0000
1, 2590,   7.847671
3, 2590,    1.2203
4, 2590,    1.3369
2, 2590,    0.0000
1, 2600,   7.847671
3, 2600,    1.2174
4, 2600,    1.3321
2, 2600,    0.0000
1, 2610,   7.847671
3, 2610,    1.2145
4, 2610,    1.3274
2, 2610,    0.0000
1, 2620,   7.847671
3, 2620,    1.2116
4, 2620,    1.3227
2, 2620,    0.0000
1, 2630,   7.847671
3, 2630,    1.2088
4, 2630,    1.3181
2, 2630,    0.0000
1, 2640,   7.847671
3, 2640,    1.2060
4, 2640,    1.3136
2, 2640,    0.0000
1, 2650,   7.847671
3, 2650,    1.2032
4, 2650,    1.3092
2, 2650,    0.0000
1, 2660,   7.847671
3, 2660,    1.2004
4, 2660,    1.3048
2, 2660,    0.0000
1, 2670,   7.847671
3, 2670,    1.1977
4, 2670,    1.3005
2, 2670,    0.0000
1, 2680,   7.847671
3, 2680,    1.1950
4, 2680,    1.2963
2, 2680,    0.0000
1, 2690,   7.847671
3, 2690,    1.1923
4, 2690,    1.2921
2, 2690,    0.0000
1, 2700,   7.847671
3, 2700,    1.1896
4, 2700,    1.2880
2, 2700,    0.0000
1, 2710,   7.847671
3, 2710,    1.1869
4, 2710,    1.2839
2, 2710,    0.0000
1, 2720,   7.847671
3, 2720,    1.1843
4, 2720,    1.2799
2, 2720,    0.0000
1, 2730,   7.847671
3, 2730,    1.1817
4, 2730,    1.2760
2, 2730,    0.0000
1, 2740,   7.847671
3, 2740,    1.1791
4, 2740,    1.2721
2, 2740,    0.0000
1, 2750,   7.847671
3, 2750,    1.1766
4, 2750,    1.2683
2, 2750,    0.0000
1, 2760,   7.847671
3, 2760,    1.1740
4, 2760,    1.2645
2, 2760,    0.0000
1, 2770,   7.847671
3, 2770,    1.1715
4, 2770,    1.2607
2, 2770,    0.0000
1, 2780,   7.847671
3, 2780,    1.1690
4, 2780,    1.2571
2, 2780,    0.0000
1, 2790,   7.847671
3, 2790,    1.1665
4, 2790,    1.2534
2, 2790,    0.0000
1, 2800,   7.847671
3, 2800,    1.1641
4, 2800,    1.2498
2, 2800,    0.0000
1, 2810,   7.847671
3, 2810,    1.1616
4, 2810,    1.2463
2, 2810,    0.0000
1, 2820,   7.847671
3, 2820,    1.1592
4, 2820,    1.2428
2, 2820,    0.0000
1, 2830,   7.847671
3, 2830,    1.1568
4, 2830,    1.2393
2, 2830,    0.0000
1, 2840,   7.847671
3, 2840,    1.1544
4, 2840,    1.2359
2, 2840,    0.0000
1, 2850,   7.847671
3, 2850,    1.1520
4, 2850,    1.2326
2, 2850,    0.0000
1, 2860,   7.847671
3, 2860,    1.1497
4, 2860,    1.2292
2, 2860,    0.0000
1, 2870,   7.847671
3, 2870,    1.1474
4, 2870,    1.2260
2, 2870,    0.0000
1, 2880,   7.847671
3, 2880,    1.1450
4, 2880,    1.2227
2, 2880,    0.0000
1, 2890,   7.847671
3, 2890,    1.1427
4, 2890,    1.2195
2, 2890,    0.0000
1, 2900,   7.847671
3, 2900,    1.1405
4, 2900,    1.2163
2, 2900,    0.0000
1, 2910,   7.847671
3, 2910,    1.1382
4, 2910,    1.2132
2, 2910,    0.0000
1, 2920,   7.847671
3, 2920,    1.1359
4, 2920,    1.2101
2, 2920,    0.0000
1, 2930,   7.847671
3, 2930,    1.1337
4, 2930,    1.2070
2, 2930,    0.0000
1, 2940,   7.847671
3, 2940,    1.1315
4, 2940,    1.2040
2, 2940,    0.0000
1, 2950,   7.847671
3, 2950,    1.1293
4, 2950,    1.2010
2, 2950,    0.0000
1, 2960,   7.847671
3, 2960,    1.1271
4, 2960,    1.1981
2, 2960,    0.0000
1, 2970,   7.847671
3, 2970,    1.1249
4, 2970,    1.1951
2, 2970,    0.0000
1, 2980,   7.847671
3, 2980,    1.1228
4, 2980,    1.1922
2, 2980,    0.0000
1, 2990,   7.847671
3, 2990,    1.1206
4, 2990,    1.1893
2, 2990,    0.0000
1, 3000,   7.847671
3, 3000,    1.1185
4, 3000,    1.1865
2, 3000,    0.0000
1, 3010,   7.847671
3, 3010,    1.1164
4, 3010,    1.1837
2, 3010,    0.0000
1, 3020,   7.847671
3, 3020,    1.1143
4, 3020,    1.1809
2, 3020,    0.0000
1, 3030,   7.847671
3, 3030,    1.1122
4, 3030,    1.1782
2, 3030,    0.0000
1, 3040,   7.847671
3, 3040,    1.1102
4, 3040,    1.1754
2, 3040,    0.0000
1, 3050,   7.847671
3, 3050,    1.1081
4, 3050,    1.1727
2, 3050,    0.0000
1, 3060,   7.847671
3, 3060,    1.1061
4, 3060,    1.1701
2, 3060,    0.0000
1, 3070,   7.847671
3, 3070,    1.1041
4, 3070,    1.1674
2, 3070,    0.0000
1, 3080,   7.847671
3, 3080,    1.1020
4, 3080,    1.1648
2, 3080,    0.0000
1, 3090,   7.847671
3, 3090,    1.1001
4, 3090,    1.1622
2, 3090,    0.0000
1, 3100,   7.847671
3, 3100,    1.0981
4, 3100,    1.1596
2, 3100,    0.0000
1, 3110,   7.847671
3, 3110,    1.0961
4, 3110,    1.1571
2, 3110,    0.0000
1, 3120,   7.847671
3, 3120,    1.0941
4, 3120,    1.1546
2, 3120,    0.0000
1, 3130,   7.847671
3, 3130,    1.0922
4, 3130,    1.1521
2, 3130,    0.0000
1, 3140,   7.847671
3, 3140,    1.0903
4, 3140,    1.1496
2, 3140,    0.0000
1, 3150,   7.847671
3, 3150,    1.0884
4, 3150,    1.1471
2, 3150,    0.0000
1, 3160,   7.847671
3, 3160,    1.0864
4, 3160,    1.1447
2, 3160,    0.0000
1, 3170,   7.847671
3, 3170,    1.0846
4, 3170,    1.1423
2, 3170,    0.0000
1, 3180,   7.847671
3, 3180,    1.0827
4, 3180,    1.1399
2, 3180,    0.0000
1, 3190,   7.847671
3, 3190,    1.0808
4, 3190,    1.1375
2, 3190,    0.0000
1, 3200,   7.847671
3, 3200,    1.0790
4, 3200,    1.1352
2, 3200,    0.0000
1, 3210,   7.847671
3, 3210,    1.0771
4, 3210,    1.1329
2, 3210,    0.0000
1, 3220,   7.847671
3, 3220,    1.0753
4, 3220,    1.1306
2, 3220,    0.0000
1, 3230,   7.847671
3, 3230,    1.0735
4, 3230,    1.1283
2, 3230,    0.0000
1, 3240,   7.847671
3, 3240,    1.0717
4, 3240,    1.1260
2, 3240,    0.0000
1, 3250,   7.847671
3, 3250,    1.0699
4, 3250,    1.1238
2, 3250,    0.0000
1, 3260,   7.847671
3, 3260,    1.0681
4, 3260,    1.1215
2, 3260,    0.0000
1, 3270,   7.847671
3, 3270,    1.0663
4, 3270,    1.1193
2, 3270,    0.0000
1, 3280,   7.847671
3, 3280,    1.0645
4, 3280,    1.1171
2, 3280,    0.0000
1, 3290,   7.847671
3, 3290,    1.0628
4, 3290,    1.1149
2, 3290,    0.0000
1, 3300,   7.847671
3, 3300,    1.0611
4, 3300,    1.1128
2, 3300,    0.0000
1, 3310,   7.847671
3, 3310,    1.0593
4, 3310,    1.1107
2, 3310,    0.0000
1, 3320,   7.847671
3, 3320,    1.0576
4, 3320,    1.1085
2, 3320,    0.0000
1, 3330,   7.847671
3, 3330,    1.0559
4, 3330,    1.1064
2, 3330,    0.0000
1, 3340,   7.847671
3, 3340,    1.0542
4, 3340,    1.1043
2, 3340,    0.0000
1, 3350,   7.847671
3, 3350,    1.0525
4, 3350,    1.1023
2, 3350,    0.0000
1, 3360,   7.847671
3, 3360,    1.0509
4, 3360,    1.1002
2, 3360,    0.0000
1, 3370,   7.847671
3, 3370,    1.0492
4, 3370,    1.0982
2, 3370,    0.0000
1, 3380,   7.847671
3, 3380,    1.0475
4, 3380,    1.0961
2, 3380,    0.0000
1, 3390,   7.847671
3, 3390,    1.0459
4, 3390,    1.0941
2, 3390,    0.0000
1, 3400,   7.847671
3, 3400,    1.0443
4, 3400,    1.0921
2, 3400,    0.0000
1, 3410,   7.847671
3, 3410,    1.0426
4, 3410,    1.0901
2, 3410,    0.0000
1, 3420,   7.847671
3, 3420,    1.0410
4, 3420,    1.0882
2, 3420,    0.0000
1, 3430,   7.847671
3, 3430,    1.0394
4, 3430,    1.0862
2, 3430,    0.0000
1, 3440,   7.847671
3, 3440,    1.0378
4, 3440,    1.0843
2, 3440,    0.0000
1, 3450,   7.847671
3, 3450,    1.0363
4, 3450,    1.0824
2, 3450,    0.0000
1, 3460,   7.847671
3, 3460,    1.0347
4, 3460,    1.0805
2, 3460,    0.0000
1, 3470,   7.847671
3, 3470,    1.0331
4, 3470,    1.0786
2, 3470,    0.0000
1, 3480,   7.847671
3, 3480,    1.0316
4, 3480,    1.0767
2, 3480,    0.0000
1, 3490,   7.847671
3, 3490,    1.0300
4, 3490,    1.0748
2, 3490,    0.0000
1, 3500,   7.847671
3, 3500,    1.0285
4, 3500,    1.0730
2, 3500,    0.0000
1, 3510,   7.847671
3, 3510,    1.0270
4, 3510,    1.0711
2, 3510,    0.0000
1, 3520,   7.847671
3, 3520,    1.0255
4, 3520,    1.0693
2, 3520,    0.0000
1, 3530,   7.847671
3, 3530,    1.0240
4, 3530,    1.0675
2, 3530,    0.0000
1, 3540,   7.847671
3, 3540,    1.0225
4, 3540,    1.0657
2, 3540,    0.0000
1, 3550,   7.847671
3, 3550,    1.0210
4, 3550,    1.0639
2, 3550,    0.0000
1, 3560,   7.847671
3, 3560,    1.0195
4, 3560,    1.0621
2, 3560,    0.0000
1, 3570,   7.847671
3, 3570,    1.0180
4, 3570,    1.0603
2, 3570,    0.0000
1, 3580,   7.847671
3, 3580,    1.0166
4, 3580,    1.0586
2, 3580,    0.0000
1, 3590,   7.847671
3, 3590,    1.0151
4, 3590,    1.0569
2, 3590,    0.0000
1, 3600,   7.847671
3, 3600,    1.0137
4, 3600,    1.0551
2, 3600,    0.0000
1, 3610,   7.847671
3, 3610,    1.0122
4, 3610,    1.0534
2, 3610,    0.0000
1, 3620,   7.847671
3, 3620,    1.0108
4, 3620,    1.0517
2, 3620,    0.0000
1, 3630,   7.847671
3, 3630,    1.0094
4, 3630,    1.0500
2, 3630,    0.0000
1, 3640,   7.847671
3, 3640,    1.0080
4, 3640,    1.0483
2, 3640,    0.0000
1, 3650,   7.847671
3, 3650,    1.0066
4, 3650,    1.0467
2, 3650,    0.0000
1, 3660,   7.847671
3, 3660,    1.0052
4, 3660,    1.0450
2, 3660,    0.0000
1, 3670,   7.847671
3, 3670,    1.0038
4, 3670,    1.0433
2, 3670,    0.0000
1, 3680,   7.847671
3, 3680,    1.0024
4, 3680,    1.0417
2, 3680,    0.0000
1, 3690,   7.847671
3, 3690,    1.0010
4, 3690,    1.0401
2, 3690,    0.0000
1, 3700,   7.847671
3, 3700,    0.9997
4, 3700,    1.0385
2, 3700,    0.0000
1, 3710,   7.847671
3, 3710,    0.9983
4, 3710,    1.0368
2, 3710,    0.0000
1, 3720,   7.847671
3, 3720,    0.9969
4, 3720,    1.0353
2, 3720,    0.0000
1, 3730,   7.847671
3, 3730,    0.9956
4, 3730,    1.0337
2, 3730,    0.0000
1, 3740,   7.847671
3, 3740,    0.9943
4, 3740,    1.0321
2, 3740,    0.0000
1, 3750,   7.847671
3, 3750,    0.9929
4, 3750,    1.0305
2, 3750,    0.0000
1, 3760,   7.847671
3, 3760,    0.9916
4, 3760,    1.0290
2, 3760,    0.0000
1, 3770,   7.847671
3, 3770,    0.9903
4, 3770,    1.0274
2, 3770,    0.0000
1, 3780,   7.847671
3, 3780,    0.9890
4, 3780,    1.0259
2, 3780,    0.0000
1, 3790,   7.847671
3, 3790,    0.9877
4, 3790,    1.0244
2, 3790,    0.0000
1, 3800,   7.847671
3, 3800,    0.9864
4, 3800,    1.0228
2, 3800,    0.0000
1, 3810,   7.847671
3, 3810,    0.9851
4, 3810,    1.0213
2, 3810,    0.0000
1, 3820,   7.847671
3, 3820,    0.9839
4, 3820,    1.0198
2, 3820,    0.0000
1, 3830,   7.847671
3, 3830,    0.9826
4, 3830,    1.0183
2, 3830,    0.0000
1, 3840,   7.847671
3, 3840,    0.9813
4, 3840,    1.0169
2, 3840,    0.0000
1, 3850,   7.847671
3, 3850,    0.9801
4, 3850,    1.0154
2, 3850,    0.0000
1, 3860,   7.847671
3, 3860,    0.9788
4, 3860,    1.0139
2, 3860,    0.0000
1, 3870,   7.847671
3, 3870,    0.9776
4, 3870,    1.0125
2, 3870,    0.0000
1, 3880,   7.847671
3, 3880,    0.9764
4, 3880,    1.0110
2, 3880,    0.0000
1, 3890,   7.847671
3, 3890,    0.9751
4, 3890,    1.0096
2, 3890,    0.0000
1, 3900,   7.847671
3, 3900,    0.9739
4, 3900,    1.0082
2, 3900,    0.0000
1, 3910,   7.847671
3, 3910,    0.9727
4, 3910,    1.0068
2, 3910,    0.0000
1, 3920,   7.847671
3, 3920,    0.9715
4, 3920,    1.0053
2, 3920,    0.0000
1, 3930,   7.847671
3, 3930,    0.9703
4, 3930,    1.0039
2, 3930,    0.0000
1, 3940,   7.847671
3, 3940,    0.9691
4, 3940,    1.0025
2, 3940,    0.0000
1, 3950,   7.847671
3, 3950,    0.9679
4, 3950,    1.0012
2, 3950,    0.0000
1, 3960,   7.847671
3, 3960,    0.9667
4, 3960,    0.9998
2, 3960,    0.0000
1, 3970,   7.847671
3, 3970,    0.9656
4, 3970,    0.9984
2, 3970,    0.0000
1, 3980,   7.847671
3, 3980,    0.9644
4, 3980,    0.9971
2, 3980,    0.0000
1, 3990,   7.847671
3, 3990,    0.9632
4, 3990,    0.9957
2, 3990,    0.0000
1, 4000,   7.847671
3, 4000,    0.9621
4, 4000,    0.9944
2, 4000,    0.0000
1, 4010,   7.847671
3, 4010,    0.9609
4, 4010,    0.9930
2, 4010,    0.0000
1, 4020,   7.847671
3, 4020,    0.9598
4, 4020,    0.9917
2, 4020,    0.0000
1, 4030,   7.847671
3, 4030,    0.9586
4, 4030,    0.9904
2, 4030,    0.0000
1, 4040,   7.847671
3, 4040,    0.9575
4, 4040,    0.9890
2, 4040,    0.0000
1, 4050,   7.847671
3, 4050,    0.9564
4, 4050,    0.9877
2, 4050,    0.0000
1, 4060,   7.847671
3, 4060,    0.9552
4, 4060,    0.9864
2, 4060,    0.0000
1, 4070,   7.847671
3, 4070,    0.9541
4, 4070,    0.9851
2, 4070,    0.0000
1, 4080,   7.847671
3, 4080,    0.9530
4, 4080,    0.9839
2, 4080,    0.0000
1, 4090,   7.847671
3, 4090,    0.9519
4, 4090,    0.9826
2, 4090,    0.0000
1, 4100,   7.847671
3, 4100,    0.9508
4, 4100,    0.9813
2, 4100,    0.0000
1, 4103,   7.847671
3, 4103,    0.9505
4, 4103,    0.9809
2, 4103,    0.0000
